32 54
31 6
21 28
46 12
29 44
33 41
16 47
36 34
44 34
9 0
48 37
0 55
3 2
31 15
8 38
7 22
29 37
33 34
16 38
36 41
41 34
22 12
44 25
12 50
34 3
24 21
45 54
49 51
52 24
0 14
38 31
3 11
1 33
21 46
46 30
16 29
41 43
5 53
44 16
9 50
47 5
34 26
17 50
24 28
10 19
13 6
25 3
28 24
53 0
1 58
26 34
54 33
19 1
41 44
44 15
10 26
49 45
0 28
25 4
50 4
14 38
1 51
21 48
4 24
26 45
29 48
16 11
54 56
19 6
41 21
5 39
47 11
30 49
34 44
17 44
37 33
45 33
10 5
49 38
35 23
38 0
53 18
1 52
4 7
26 52
29 9
51 36
19 15
2 45
41 30
5 32
9 37
34 39
37 42
23 11
25 22
50 54
14 48
53 27
4 14
46 58
51 45
2 36
41 7
5 41
9 46
55 41
23 0
6 56
45 19
10 55
32 8
13 42
35 5
38 50
25 31
50 49
1 6
39 17
26 6
29 27
19 29
22 58
5 18
27 45
47 38
34 57
17 23
20 4
42 41
45 12
32 15
35 10
50 40
39 14
26 1
48 30
29 20
15 33
19 34
2 54
5 27
27 34
30 45
34 48
42 16
23 22
6 42
45 5
32 6
31 54
35 51
18 41
11 10
14 5
36 18
1 16
39 7
51 0
15 46
19 43
2 49
5 4
47 52
30 20
17 1
20 10
18 32
57 11
11 3
48 12
19 48
2 8
24 37
5 13
27 48
30 31
23 36
6 36
31 36
35 33
18 27
43 33
8 29
14 23
36 0
24 44
27 9
47 58
30 6
52 55
3 32
6 31
28 40
35 38
8 4
7 52
11 49
14 30
36 15
39 50
12 16
49 29
30 9
3 41
23 58
28 39
32 34
40 34
21 0
43 31
11 54
39 43
44 54
37 17
49 22
52 5
0 35
20 46
57 39
40 41
8 50
7 42
11 47
33 30
16 50
39 32
48 40
12 6
37 26
24 1
27 28
0 58
25 38
6 0
28 53
32 48
31 24
21 18
43 13
46 10
33 23
36 36
44 36
9 30
34 14
15 16
37 3
27 21
49 0
13 26
0 49
3 28
28 12
40 23
4 37
8 32
46 13
33 40
16 32
36 35
48 38
52 18
0 8
3 5
25 48
31 14
1 47
21 36
4 44
7 17
29 36
33 33
36 42
22 13
34 0
17 56
37 53
24 22
49 50
52 25
3 10
53 6
1 32
40 5
4 43
8 46
7 14
46 31
33 58
41 42
5 52
9 49
47 4
12 42
24 29
10 16
13 5
0 6
25 2
53 15
1 57
40 12
4 18
26 35
7 7
46 38
29 54
33 51
19 0
41 19
22 31
44 8
12 33
34 18
17 42
45 39
10 27
49 44
35 17
0 29
38 14
50 5
1 50
4 25
26 42
33 52
16 12
41 20
22 22
5 38
44 7
47 10
30 54
37 32
23 13
45 32
49 37
35 22
0 20
38 1
25 12
4 0
26 53
19 14
2 42
22 41
9 36
47 19
34 36
17 36
37 41
42 36
23 10
45 25
10 13
13 48
25 21
50 55
1 12
51 44
2 37
41 6
5 40
30 32
17 29
56 16
23 3
6 57
45 18
10 52
18 52
38 51
11 31
50 46
1 5
26 7
19 28
41 15
27 44
17 22
55 33
6 48
45 11
32 0
13 34
18 47
38 42
36 20
1 30
48 31
29 19
22 50
27 37
47 46
42 17
6 43
10 38
18 38
43 50
8 16
11 13
50 32
39 6
26 9
51 3
54 28
2 14
27 58
47 55
17 0
3 53
23 46
6 34
32 30
43 43
8 23
54 23
19 51
24 38
5 12
30 28
20 18
42 3
23 39
6 37
10 40
31 39
35 32
18 24
8 30
33 10
36 1
39 52
12 26
49 27
30 7
42 10
6 28
28 41
32 44
31 44
35 41
18 19
8 5
11 48
33 3
14 31
36 8
12 17
51 22
2 27
24 52
27 1
30 14
20 32
6 23
35 46
18 10
57 29
7 44
33 4
39 42
44 55
9 19
51 31
15 13
2 18
27 6
49 21
52 6
0 36
20 47
23 50
6 14
40 42
4 48
46 0
11 46
16 51
39 35
12 7
24 2
27 31
25 37
6 1
28 54
53 42
40 17
43 12
7 34
46 11
11 39
33 22
36 37
9 29
34 15
15 19
49 7
0 50
3 31
25 46
28 13
50 30
31 0
57 48
40 24
43 5
8 33
7 27
16 33
9 6
48 39
12 53
34 6
15 24
13 18
52 19
38 26
3 4
31 9
40 31
4 45
8 40
7 16
29 35
16 24
44 27
34 1
37 52
45 52
49 49
0 0
38 29
3 13
53 5
1 39
21 44
4 20
7 9
16 31
41 41
22 5
5 51
44 18
47 7
17 48
45 45
10 17
49 42
13 4
38 20
25 1
1 56
4 19
46 39
29 53
33 50
16 22
41 18
22 28
47 12
12 34
34 19
37 38
10 24
0 30
38 15
14 36
53 23
1 49
4 26
26 43
46 46
29 14
19 8
22 23
5 37
44 0
9 34
34 42
17 34
23 12
45 31
10 3
0 21
25 19
53 16
1 10
39 29
4 1
26 50
29 7
51 38
19 17
2 43
22 46
5 46
17 27
37 40
23 5
45 24
35 30
38 57
50 52
1 3
39 26
46 56
29 0
19 22
2 34
5 23
42 44
10 53
18 53
38 48
25 29
1 4
39 19
19 31
41 14
47 32
30 40
17 21
55 32
42 23
6 49
45 10
32 1
18 44
11 23
50 38
14 0
1 29
19 36
2 52
5 25
27 36
52 36
17 14
20 13
6 40
32 24
31 48
35 53
57 0
38 34
8 17
26 22
54 29
5 2
47 54
3 52
42 25
23 41
10 46
18 30
11 5
15 49
19 50
2 6
24 39
27 50
20 19
23 38
32 22
31 38
35 35
18 25
8 31
7 57
26 24
48 5
2 1
24 46
27 11
49 26
30 4
56 52
3 34
42 11
6 29
32 45
35 40
21 5
11 51
33 2
12 18
15 7
2 24
27 0
30 15
3 43
6 20
32 36
18 11
43 17
11 40
33 27
36 48
12 9
51 30
15 12
37 31
2 19
0 37
20 40
25 35
53 32
40 43
21 23
4 49
8 52
16 52
39 34
9 27
48 42
12 0
15 21
24 3
49 13
13 31
25 36
28 55
31 26
53 41
40 18
21 16
43 15
7 29
46 8
36 38
9 28
37 1
27 23
49 6
13 24
0 51
3 30
25 45
50 31
53 50
40 25
4 39
29 41
33 46
16 34
44 29
9 5
12 54
37 10
13 17
52 28
0 10
3 7
28 5
31 8
57 56
21 34
29 34
33 39
22 3
9 14
34 30
37 51
24 24
10 23
13 10
0 1
38 18
3 12
28 28
53 4
40 7
21 43
4 21
26 38
33 56
41 40
5 50
44 19
47 6
12 36
34 25
17 55
24 31
45 44
10 30
13 3
0 24
38 21
25 0
14 34
40 14
21 52
4 28
7 1
46 36
29 52
16 23
41 17
22 29
44 10
37 37
45 37
49 34
35 19
25 9
53 22
26 40
29 13
51 32
16 14
44 1
9 33
17 33
37 46
23 15
45 30
10 0
13 53
0 22
38 7
25 18
39 28
4 2
46 54
29 6
19 16
41 3
9 42
34 34
17 26
56 11
42 34
35 1
11 24
50 53
53 24
1 2
39 21
4 9
26 58
29 31
51 46
19 25
2 35
22 38
5 22
27 41
30 38
17 19
42 45
23 29
45 16
10 50
32 11
35 6
18 50
38 49
25 28
11 17
50 44
1 27
39 18
51 55
54 0
19 30
5 31
27 46
34 52
32 2
35 15
38 40
14 1
36 22
1 28
26 12
15 34
2 53
22 48
27 39
47 40
52 37
56 32
55 56
6 41
45 2
32 25
31 51
35 52
18 36
38 35
14 8
36 29
48 8
51 5
2 12
5 1
30 27
52 44
56 39
20 21
42 6
6 32
18 31
40 48
11 4
14 19
39 57
12 29
15 48
2 7
5 10
27 53
20 28
42 1
6 27
28 44
31 33
35 34
18 22
43 34
8 0
33 8
14 26
36 3
48 6
2 30
49 25
3 37
6 18
28 43
32 46
18 17
21 4
8 7
7 49
11 50
33 1
14 29
36 10
39 47
12 19
15 6
37 21
30 12
0 47
20 34
6 21
28 34
18 8
21 13
43 16
8 14
7 46
11 43
33 26
9 17
12 10
37 30
27 24
49 11
52 0
0 38
25 34
31 28
40 44
21 22
46 6
33 19
9 26
12 1
37 7
24 4
52 15
20 48
3 24
25 43
6 7
28 48
32 51
53 40
40 19
21 31
43 14
46 9
29 47
16 44
36 39
44 39
9 3
15 29
37 0
27 22
49 5
13 23
52 22
0 52
3 1
25 44
50 28
31 2
1 43
40 26
21 24
4 32
43 7
7 21
33 45
36 46
44 30
34 4
15 26
13 16
25 53
28 6
31 11
1 44
4 47
8 42
7 18
33 38
16 26
22 0
12 46
37 50
49 55
0 2
1 37
26 39
16 17
5 49
44 12
9 54
47 1
34 22
45 43
10 31
49 40
13 2
38 10
25 7
40 15
4 29
26 46
7 0
46 37
29 51
33 48
16 8
44 11
30 50
34 17
17 47
45 36
10 6
35 18
0 16
25 8
28 19
50 0
1 55
4 4
26 41
46 44
29 12
19 10
2 46
22 21
44 2
30 53
34 40
17 32
45 29
10 1
13 52
0 23
14 45
53 30
1 8
39 31
26 48
46 55
29 5
51 40
54 55
19 19
2 41
22 44
5 44
34 35
42 35
13 45
35 0
18 56
50 50
14 52
1 1
39 20
4 10
19 24
2 32
41 11
22 39
5 21
27 40
47 37
30 39
34 58
42 42
23 28
32 12
18 51
11 16
50 45
39 13
15 36
54 1
19 33
41 12
5 30
27 33
47 34
30 46
17 11
20 0
45 8
31 53
35 14
18 42
38 41
11 9
14 6
1 19
39 10
26 13
15 45
19 38
5 7
27 38
47 43
52 38
17 12
20 15
3 49
6 46
45 1
10 37
32 26
31 50
57 6
38 32
8 19
11 14
36 30
1 20
39 3
19 47
2 13
24 34
5 0
30 24
20 22
3 54
42 7
23 43
6 33
18 28
11 7
14 16
26 31
12 30
15 51
19 52
2 4
24 41
5 9
27 52
30 3
20 29
42 14
28 45
32 40
31 32
35 37
18 23
57 16
8 1
33 15
39 49
48 7
2 31
24 48
27 13
0 41
20 36
3 36
42 9
28 36
31 41
35 42
18 14
21 3
8 8
7 48
11 53
33 0
16 56
36 11
39 46
15 1
37 20
30 13
0 32
6 10
28 35
32 38
31 22
18 9
21 12
4 52
43 19
7 41
11 42
33 25
36 50
44 50
9 16
48 53
15 14
52 1
0 39
3 18
6 13
31 31
18 0
21 21
4 51
43 8
7 38
46 7
33 18
41 50
9 25
48 44
12 2
15 23
24 5
13 29
20 49
6 4
32 52
31 4
53 55
43 1
7 31
46 14
29 46
36 32
34 10
37 15
24 12
49 4
0 53
3 0
31 13
40 27
21 39
4 33
7 20
29 39
33 44
16 36
22 14
44 31
12 48
45 56
0 12
3 9
28 7
31 10
1 35
21 32
8 43
7 13
54 40
22 1
44 22
12 47
37 49
49 54
13 8
0 3
3 14
1 36
21 41
4 23
26 36
7 10
22 24
5 48
44 13
9 53
34 23
17 53
13 1
0 26
25 6
50 6
21 50
4 30
29 50
41 23
5 57
47 9
30 51
34 46
37 35
10 7
49 32
0 17
50 1
1 54
4 5
26 54
46 45
16 0
19 13
2 47
22 42
5 34
34 41
10 14
13 51
35 26
14 50
53 29
39 30
4 12
19 18
5 43
47 31
17 24
23 6
10 9
35 3
11 26
14 53
4 11
29 29
19 27
2 33
41 10
22 36
5 20
27 43
30 36
17 17
42 43
23 31
45 14
35 8
18 48
11 19
26 3
29 22
54 6
19 32
2 56
5 29
47 45
30 47
34 50
20 1
42 18
6 52
45 7
32 4
18 43
38 46
50 37
14 7
1 18
39 5
2 51
47 42
30 22
3 48
42 29
45 0
10 34
18 34
38 33
8 20
11 1
14 14
26 21
51 7
15 53
54 16
19 46
2 10
5 15
52 46
6 38
18 29
8 27
11 6
14 17
36 6
26 28
48 1
12 31
15 50
2 5
27 55
47 56
30 0
56 48
20 30
42 15
28 46
32 41
35 36
18 20
43 36
33 14
14 24
39 48
2 28
24 49
27 12
49 31
30 11
0 42
55 1
3 39
31 40
18 15
43 29
8 9
11 52
36 52
39 41
12 13
15 0
0 33
20 44
23 49
18 6
4 53
43 18
8 48
7 40
33 24
16 48
36 51
44 51
9 23
48 54
12 4
0 56
20 43
3 21
6 2
31 30
18 1
40 46
43 11
46 4
16 55
9 24
48 45
12 3
15 22
24 6
20 50
3 26
25 41
6 5
28 50
32 53
31 7
21 29
7 30
29 45
36 33
44 33
9 1
15 31
37 14
52 16
0 54
28 9
31 12
1 41
57 52
21 38
4 34
8 37
7 23
29 38
36 40
22 15
44 24
9 10
34 2
45 55
13 14
0 13
38 30
3 8
28 0
50 21
53 56
1 34
21 47
4 41
8 44
33 36
54 41
12 40
17 51
37 48
49 53
13 7
0 4
38 17
53 1
40 10
26 37
7 5
16 19
54 32
44 14
9 52
34 20
37 57
10 29
13 0
0 27
25 5
28 22
50 7
14 33
21 49
4 31
26 44
46 43
5 56
44 5
47 8
17 45
56 0
37 34
45 34
49 39
35 20
0 18
38 3
53 19
1 53
51 37
19 12
41 31
22 43
5 33
9 38
34 38
17 38
45 27
13 50
14 51
53 28
1 14
4 13
46 53
19 21
2 39
22 34
47 30
30 34
34 33
17 31
23 1
10 54
35 2
18 54
11 29
29 28
51 51
22 37
27 42
34 56
56 21
6 50
45 13
10 49
32 14
35 11
38 52
1 24
39 15
26 0
5 28
27 35
47 44
30 44
34 51
42 19
23 23
6 53
45 6
35 48
38 47
36 17
1 17
51 1
2 48
5 5
47 53
52 32
3 51
23 44
6 44
32 28
35 57
8 21
11 0
26 18
48 11
51 6
15 52
19 49
2 11
24 36
5 14
20 16
23 37
10 42
32 19
18 26
8 28
36 7
26 29
12 24
2 2
24 43
20 31
3 33
42 12
23 34
6 30
31 34
35 39
18 21
7 53
36 14
39 51
12 23
2 29
24 50
49 30
55 0
20 38
28 38
32 33
18 12
21 1
8 10
7 50
11 55
33 6
36 53
12 14
15 3
37 18
2 20
24 57
0 34
3 47
18 7
40 40
4 54
8 49
7 43
44 44
48 55
12 5
24 0
27 29
49 8
52 3
20 52
3 20
28 52
40 47
43 10
7 32
46 5
44 43
9 31
48 46
15 17
20 51
3 29
